6.467410951196534558e-03
1.087062003451796975e-03
1.302829615042859664e-03
1.787059082366185964e-02
5.327908356206878353e-03
1.745550772893943300e-03
8.413266375061446501e-04
3.312665148012766334e-03
3.753905493602893717e-02
8.621401922721675434e-04
4.675060933337461117e-02
5.919100047927758389e-04
7.989154523094454084e-04
4.476906792187312217e-02
5.912994757743811466e-04
5.858353506676766903e-04
5.641525834837080033e-02
9.211947507987790131e-04
1.013208616966256980e-03
7.076663557061913055e-04
1.020317571496245045e-03
8.170893039780723240e-04
6.070431766679720625e-04
6.643048225906104292e-04
2.500800702102688993e-03
7.771772673282361429e-04
1.317956504129650253e-03
2.931344096383815215e-03
3.361832885700914448e-03
4.507996110428554547e-03
6.175374937321324691e-04
4.091727723084092466e-03
3.896622200936155928e-03
7.753635431021439284e-04
8.977033562658151555e-04
5.997540962629626391e-04
5.130127279472669784e-03
6.235622143492188527e-04
6.157498145627879511e-04
6.433306137787842081e-04
2.877022991132746968e-03
1.310590152097013952e-03
3.609969150800820814e-03
2.592958950073880921e-03
7.255411617109711227e-04
4.407683083200352771e-03
9.031244981521848077e-04
6.373303014212467659e-04
1.389630385905676110e-03
8.351866835830265784e-04
6.051978576177001901e-04
3.898172239280117083e-03
8.190709631999598716e-04
7.706700245248338703e-04
5.116602892333285864e-03
7.830530678591407501e-04
8.310901057785776693e-04
9.073227343477699956e-04
7.954655094979228838e-04
7.861746922630084714e-04
8.560365198059949202e-04
6.400048186773194111e-04
1.567397331686826330e-03
7.877988857462250990e-04
8.370612455664697745e-04
5.940558778116748198e-04
4.010422439595281649e-03
6.112004098578724702e-04
1.399550744788690630e-03
7.250614895183119966e-04
6.359737659000528698e-04
1.583923639883748303e-03
1.321381810656326299e-03
5.841030249172998734e-04
1.016241636399325358e-03
9.451639436142352012e-04
3.487779700551110491e-03
4.916163503127887746e-03
6.997796818050355892e-04
5.859247759014326587e-04
